start positions = [2 2 0;3 2 -3.14159265358979]
recovered_v = 0.9
sigma_theta = 0.0872664625997165
Kr = 1
gamma = 2
edge_x = 5
edge_y = 5
noise_xy = 0
noise_theta = 0
k = 2
