start positions = [2 2 1.0471975511966;3 2 0.785398163397448;3 3 0;2 3 1.5707963267949]
recovered_v = 0.9
sigma_theta = 0.0872664625997165
Kr = 1
gamma = 2
edge_x = 5
edge_y = 5
noise_xy = 0
noise_theta = 0
k = 2

people_int = {{@(t) 0.1, @(t) 0, @(t) 1/2*sin(t/3) }, {@(t) 0.5, @(t) 0, @(t) sin(t/3)},...
              {@(t) 0.7, @(t) 0, @(t) sin(2*t/3)}, {@(t) 0.3, @(t) 0, @(t) sin(-t/3) }};
